Element ; Region 1 of 1; Depth Cycle 1 of 1; Time Per Step 5; Sweeps 20; AES;
30	-964.654
31	-964.654
32	-964.654
33	-1404.89
34	-1505.22
35	-1138.44
36	-838.44
37	-710.443
38	-761.846
39	-927.512
40	-1111.05
41	-1219.02
42	-1178.38
43	-1005
44	-739.946
45	-476.159
46	-296.482
47	-240.845
48	-322.267
49	-479.944
50	-653.528
51	-774.106
52	-824.417
53	-806.462
54	-735.262
55	-636.045
56	-524.854
57	-436.636
58	-378.106
59	-332.009
60	-291.061
61	-253.4
62	-220.565
63	-212.164
64	-222.401
65	-237.43
66	-247.945
67	-249.634
68	-241.702
69	-217.985
70	-200.233
71	-173.21
72	-137.704
73	-98.0112
74	-52.3425
75	-21.3762
76	1.0625
77	18.1838
78	34.6375
79	26.875
80	4.9025
81	-7.73125
82	-13.6375
83	-7.72375
84	-1.48625
85	0.7275
86	7.89875
87	31.805
88	65.1325
89	92.9
90	113.261
91	119.761
92	121.432
93	122.757
94	123.684
95	133.164
96	145.9
97	170.279
98	177.382
99	175.547
100	157.673
101	138.366
102	120.568
103	108.579
104	116.99
105	125.196
106	133.47
107	123.8
108	117.933
109	112.695
110	104.157
111	92.3875
112	92.5938
113	107.964
114	121.726
115	133.186
116	132.742
117	129.56
118	120.669
119	104.314
120	85.8225
121	81.4662
122	95.8488
123	118.24
124	134.031
125	114.874
126	87.5788
127	71.7362
128	85.145
129	93.6125
130	87.4275
131	66.2487
132	50.1087
133	64.53
134	87.92
135	99.7237
136	85.895
137	77.6825
138	84.7138
139	98.8338
140	90.4863
141	69.4313
142	55.12
143	65.6575
144	74.4225
145	60.1812
146	47.4013
147	60.8787
148	94.5187
149	113.824
150	107.451
151	92.1687
152	101.466
153	114.86
154	111.301
155	97.1237
156	102.104
157	137.929
158	183.51
159	240.669
160	313.285
161	406.006
162	450.535
163	352.35
164	135.936
165	-90.195
166	-190.2
167	-182.076
168	-183.031
169	-281.509
170	-454.647
171	-585.552
172	-584.352
173	-424.051
174	-195.771
175	-44.175
176	-78.2487
177	-273.251
178	-515.301
179	-692.333
180	-777.511
181	-797.369
182	-760.079
183	-673.535
184	-548.671
185	-419.513
186	-315.161
187	-240.494
188	-178.466
189	-124.65
190	-78.115
191	-51.5537
192	-45.9425
193	-59.01
194	-67.5075
195	-52.2713
196	-17.0513
197	31.0287
198	71.0788
199	93.2513
200	100.21
201	100.319
202	89.815
203	76.0813
204	67.2887
205	42.9125
206	-14.9175
207	-81.8375
208	-134.146
209	-134.679
210	-90.0775
211	-43.915
212	-19.2813
213	-11.42
214	-7.63125
215	-4.02375
216	-8.56875
217	-38.9275
218	-81.8438
219	-104.929
220	-113.754
221	-108.559
222	-93.8425
223	-77.1675
224	-45.9638
225	-17.545
226	2.125
227	-7.25625
228	-30.1875
229	-50.22
230	-44.6212
231	-26.515
232	-21.5812
233	-20.1587
234	-24.9388
235	-13.1012
236	-7.80375
237	-2.395
238	0.3025
239	9.11
240	19.2425
241	30.2962
242	35.3913
243	16.8288
244	3.44625
245	-25.4912
246	-27.3862
247	0.30625
248	55.6575
249	93.7263
250	90.8537
251	55.45
252	20.0163
253	25.9675
254	40.9138
255	50.725
256	46.7575
257	34.8025
258	23.565
259	19.8663
260	12.865
261	-3.355
262	-22.2575
263	-27.5938
264	-11.1613
265	8.1175
266	4.23875
267	-24.53
268	-62.4325
269	-91.1662
270	-118.646
271	-154.882
272	-201.695
273	-250.152
274	-280.27
275	-290.261
276	-279.554
277	-246.325
278	-206.676
279	-173.164
280	-163.279
281	-163.601
282	-144.275
283	-108.864
284	-82.6862
285	-87.1375
286	-88.7412
287	-69.2337
288	-29.02
289	-4.5325
290	-11.6912
291	-30.5788
292	-36.6312
293	-37.0175
294	-46.1488
295	-55.0662
296	-63.9663
297	-61.1737
298	-67.12
299	-72.9925
300	-82.365
301	-67.6075
302	-52.9525
303	-36.965
304	-27.1175
305	-23.7438
306	-15.8125
307	-27.0362
308	-46.635
309	-77.4325
310	-79.4388
311	-57.2162
312	-38.4625
313	-39.865
314	-64.5712
315	-78.7275
316	-75.9287
317	-66.3075
318	-56.03
319	-58.89
320	-62.7725
321	-69.7063
322	-66.2862
323	-48.9837
324	-36.9612
325	-30.8013
326	-38.3425
327	-31.1525
328	-25.2925
329	-28.9
330	-47.3013
331	-61.825
332	-53.7875
333	-31.85
334	-17.5362
335	-20.1838
336	-25.7425
337	-39.5225
338	-41.5887
339	-28.1662
340	-3.4025
341	5.4025
342	2.75875
343	-16.4125
344	-30.4538
345	-39.5888
346	-52.875
347	-59.2625
348	-62.7775
349	-68.6537
350	-101.426
351	-132.184
352	-155.296
353	-146.021
354	-119.46
355	-103.317
356	-98.1525
357	-106.38
358	-99.38
359	-88.4425
360	-67.66
361	-71.7262
362	-82.7463
363	-85.4625
364	-57.2525
365	-11.3263
366	12.68
367	-3.3
368	-50.2263
369	-76.0238
370	-71.8388
371	-42.5275
372	-36.4425
373	-54.1875
374	-70.87
375	-56.9138
376	-11.7738
377	39.125
378	63.3375
379	52.8975
380	9.9675
381	-39.7537
382	-69.685
383	-84.84
384	-93.0775
385	-111.653
386	-119.506
387	-114.09
388	-94.8962
389	-91.075
390	-112.494
391	-129.261
392	-124.795
393	-94.4038
394	-64.3688
395	-44.1637
396	-26.7375
397	-18.0913
398	-21.8275
399	-35.6475
400	-43.3075
401	-34.18
402	-25.7763
403	-22.1362
404	-31.5238
405	-36.1688
406	-31.6862
407	-25.2025
408	-22.4887
409	-30.7612
410	-30.445
411	-31.3538
412	-31.9725
413	-43.5075
414	-54.8812
415	-52.7738
416	-43.8887
417	-42.0425
418	-50.025
419	-49.7525
420	-40.255
421	-39.4762
422	-52.5988
423	-67.79
424	-53.8262
425	-24.1887
426	-5.13125
427	-9.3275
428	-25.9838
429	-35.8012
430	-43.775
431	-41.6663
432	-38.1175
433	-34.58
434	-32.0612
435	-28.1788
436	-13.1563
437	-9.98
438	-12.09
439	-16.975
440	-16.7337
441	-13.7663
442	-15.1087
443	-16.7913
444	-22.89
445	-11.175
446	-2.655
447	4.53875
448	-8.7275
449	-30.26
450	-46.9837
451	-33.7775
452	-9.4025
453	-0.255
454	-4.08
455	-7.62625
456	0.47125
457	7.9975
458	5.96875
459	-15.615
460	-31.8987
461	-38.5513
462	-27.3187
463	-14.125
464	-1.9075
465	4
466	11.2738
467	11.2988
468	3.60625
469	4.895
470	14.5688
471	27.4125
472	23.365
473	14.1837
474	12.6137
475	14.7537
476	7.41625
477	0.73875
478	5.81
479	16.485
480	12.1588
481	-2.29
482	-17.1237
483	-19.3525
484	-2.2925
485	19.7863
486	45.395
487	44.34
488	41.2025
489	47.2412
490	65.225
491	71.9263
492	34.5888
493	-34.3587
494	-93.885
495	-99.78
496	-74.4825
497	-41.6425
498	-29.3962
499	-30.2737
500	-28.1512
501	-13.6775
502	11.6112
503	47.6675
504	90.2188
505	116.755
506	144.101
507	203.798
508	302.075
509	411.899
510	455.201
511	352.261
512	89.005
513	-243.872
514	-497.685
515	-574.667
516	-494.383
517	-357.629
518	-255.054
519	-208.337
520	-206.195
521	-216.516
522	-211.211
523	-185.011
524	-142.212
525	-110.689
526	-94.2988
527	-82.83
528	-61.625
529	-37.7763
530	-24.7688
531	-30.25
532	-40.2425
533	-34.3638
534	-11.6887
535	10.3475
536	16.9625
537	1.315
538	-13.5862
539	-11.45
540	3.60125
541	12.6838
542	8.7375
543	4.23125
544	-5.1975
545	-13.61
546	-33.8625
547	-41.0038
548	-26.2238
549	-7.68125
550	-2.70375
551	-13.5138
552	-5.39875
553	15.7712
554	37.125
555	25.0875
556	-1.205
557	-16.3113
558	-11.0962
559	1.67375
560	1.21125
561	-4.30875
562	-18.9963
563	-20.425
564	-26.7775
565	-27.2388
566	-17.5538
567	-0.13375
568	17.8962
569	15.3975
570	4.73
571	-8.43
572	-3.75375
573	11.9662
574	17.4363
575	23.1925
576	30.4925
577	40.7825
578	33.9237
579	11.5262
580	-12.9037
581	-14.4712
582	-2.11375
583	-4.23125
584	-14.1413
585	-20.86
586	-5.92
587	13.0737
588	20.5587
589	15.455
590	5.9025
591	3.78125
592	4.805
593	10.2987
594	11.9825
595	14.6238
596	28.8888
597	40.8088
598	42.6813
599	22.0062
600	-4.2175
601	-8.07625
602	5.91875
603	15.9737
604	15.2012
605	3.3125
606	-0.2925
607	-0.04
608	1.47875
609	-4.81625
610	-4.28125
611	8.08875
612	21.3488
613	26.5887
614	19.2563
615	7.6275
616	7.14
617	-1.7475
618	-20.1838
619	-29.6487
620	-24.8938
621	-2.78125
622	7.43875
623	10.27
624	-8.12875
625	-14.1012
626	-3.41875
627	22.4462
628	39.3537
629	41.6513
630	38.8063
631	39.75
632	28.7588
633	0.65125
634	-16.4562
635	-7.09125
636	20.77
637	29.035
638	19.4788
639	3.09375
640	-2.10375
641	-4.7175
642	-9.975
643	-13.5663
644	-4.84375
645	13.625
646	25.3275
647	25.3625
648	7.43625
649	-5.09875
650	-4.45875
651	9.2325
652	26.955
653	23.0588
654	23.2375
655	15.2262
656	17.155
657	10.4238
658	8.3175
659	17.1912
660	19.6238
661	24.8887
662	12.2412
663	11.8337
664	9.4525
665	12.5288
666	9.86
667	18.24
668	39.075
669	50.6137
670	43.555
671	19.1825
672	8.17
673	6.97125
674	10.6238
675	14.7262
676	27.29
677	41.1438
678	39.6525
679	17.8237
680	-7.425
681	-13.4987
682	-0.75125
683	34.8413
684	75.1412
685	86.73
686	48.3925
687	2.10375
688	-14.1687
689	8.2125
690	39.1912
691	47.3525
692	33.5112
693	15.7913
694	4.49125
695	-1.98375
696	12.3012
697	23.2725
698	24.3563
699	18.0812
700	29.3687
701	47.3988
702	51.1312
703	33.075
704	5.8775
705	5.945
706	26.7875
707	39.8787
708	36.6763
709	26.6712
710	18.7288
711	14.4037
712	9.68375
713	20.5462
714	39.1787
715	53.3712
716	40.9125
717	13.5625
718	3.44375
719	13.2863
720	23.5425
721	17.8213
722	9.89875
723	10.5638
724	16.2238
725	29.5987
726	35.6888
727	42.805
728	43.135
729	29.8025
730	22.6675
731	36.7188
732	64.8888
733	78.23
734	68.1663
735	39.9925
736	21.9287
737	16.36
738	14.8675
739	19.7938
740	32.7737
741	36.2025
742	32.595
743	24.6575
744	17.2025
745	9.5925
746	3.1575
747	5.785
748	24.3625
749	33.42
750	30.59
751	18.9412
752	14.455
753	16.5675
754	23.4275
755	36.5313
756	50.3362
757	66.4912
758	61.6025
759	42.2575
760	9.71875
761	-16.8062
762	-13.6637
763	15.2425
764	43.7712
765	57.79
766	61.0062
767	51.0138
768	41.75
769	32.045
770	30.5763
771	27.9138
772	29.8713
773	23.4788
774	14.2587
775	5.7275
776	3.45625
777	22.8125
778	46.315
779	56.5687
780	45.0262
781	35.7537
782	24.695
783	16.5613
784	9.62
785	24.335
786	42.2075
787	56.57
788	60.6975
789	59.1575
790	66.9338
791	63.2825
792	56.83
793	43.9313
794	32.8275
795	20.305
796	11.61
797	21.26
798	29.3438
799	31.155
800	26.7125
801	33.9263
802	49.3988
803	63.28
804	66.1875
805	62.6612
806	44.6912
807	25.6125
808	22.2887
809	31.895
810	44.97
811	36.5125
812	33.8675
813	36.24
814	32.7975
815	15.055
816	4.82875
817	18.6425
818	37.28
819	54.9562
820	66.9912
821	72.3712
822	71.3812
823	60.72
824	55.7213
825	52.0737
826	44.4825
827	27.075
828	23.2638
829	32.2562
830	42.4825
831	43.7513
832	41.0788
833	46.9163
834	53.2113
835	65.1637
836	66.7
837	66.9512
838	65.6712
839	59.5162
840	45.44
841	29.5138
842	19.3
843	4.73125
844	-0.145
845	21.1975
846	46.0237
847	70.2388
848	78.8363
849	79.7537
850	71.58
851	46.5663
852	18.57
853	14.1
854	42.435
855	59.8562
856	47.6975
857	26.75
858	20.0887
859	29.0863
860	44.6737
861	58.2813
862	65.675
863	57.1137
864	44.0713
865	42.0175
866	53.6113
867	63.1662
868	50.0788
869	34.4525
870	30.665
871	41.14
872	57.4013
873	79.2875
874	89.2425
875	81.605
876	60.27
877	40.04
878	41.6888
879	51.1462
880	55.5812
881	50.2513
882	50.0037
883	48.345
884	46.73
885	44.8325
886	35.93
887	35.495
888	37.2663
889	44.1488
890	49.2513
891	55.3325
892	49.3362
893	33.7
894	20.0625
895	22.0275
896	49.5963
897	82.7287
898	95.4175
899	83.8187
900	61.6862
901	39.3462
902	31.17
903	32.2788
904	46.2237
905	58.6062
906	64.475
907	55.5512
908	50.245
909	64.4575
910	83.1487
911	90
912	81.8675
913	63.9775
914	39.5925
915	17.7875
916	10.9037
917	32.5788
918	69.9963
919	85.21
920	70.6675
921	52.2937
922	53.5413
923	62.105
924	70.105
925	66.4187
926	58.335
927	61.2875
928	54.345
929	45.4187
930	42.0213
931	43.4513
932	50.0338
933	50.4225
934	54.215
935	55.8037
936	63.5425
937	66.5537
938	63.6637
939	64.4713
940	52.3162
941	55.0875
942	57.0175
943	63.1325
944	54.0713
945	46.6325
946	53.9437
947	59.2175
948	58.1438
949	35.9712
950	27.925
951	33.61
952	53.5987
953	73.8713
954	65.5612
955	47.195
956	28.9212
957	30.1612
958	48.8013
959	64.13
960	83.75
961	93.5275
962	94.5612
963	75.9313
964	51.22
965	51.8362
966	71.0525
967	86.3638
968	76.7813
969	57.5725
970	46.4087
971	41.1287
972	48.1263
973	52.2162
974	67.1738
975	79.6912
976	71.7113
977	47.6563
978	27.46
979	27.69
980	24.2287
981	30.0025
982	36.275
983	61.805
984	80.225
985	88.76
986	84.5475
987	79.7913
988	69.7388
989	54.3937
990	53.1637
991	67.84
992	88.7925
993	87.0062
994	82.0575
995	73.7088
996	66.4113
997	45.2275
998	20.115
999	-6.56563
1000	-6.56563
